0.5357118
0
0.3649318
-0.9076257
0
-0.8228459
-0.3203925
0
-0.6723206
0.4753136
0
0.607532
-0.191099
0
-0.4081281
-0.2442886
0
-0.8171868
0.5190539
0
0.1590914
-0.3244272
0
-0.8729663
-0.04907382
0
0.1520621
0.880939
0
-0.2922157
-0.3402904
0
-0.0609194
-0.07942927
0
0.9970427
0.08493936
0
0.3535192
-0.5910568
0
-0.5988064
-0.4799885
0
-0.8474076
0.1734489
0
-0.5296664
0.5503426
0
-0.7055295
0.5079401
0
0.177404
-0.5126555
0
0.7407019
0.4473169
0
-0.4330696
-0.8225112
0
0.1353196
0.4759893
0
0.2950577
-0.3801218
0
-0.8657064
-0.1271421
0
-0.3554789
-0.1105179
0
0.7825305
-0.7932358
0
0.490556
0.2649393
0
-0.7587738
-0.9434059
0
-0.04490387
-0.4738492
0
-0.244505
0.7079804
0
0.1799635
-0.5181954
0
0.9117668
-0.4847618
0
-0.316497
0.05921924
0
-0.7005177
-0.6028965
0
-0.506629
0.2290186
0
-0.1714321
0.8296947
0
-0.6291521
-0.172012
0
0.8653181
-0.8126791
0
0.8180766
-0.2510184
0
-0.9447868
-0.7324338
0
-0.9288852
-0.1455427
0
-0.4367634
0.9308214
0
-0.2225238
-0.2917327
0
0.8829479
0.171106
0
0.03556287
0.25829
0
-0.5656123
-0.4012367
0
0.2536373
-0.174656
0
-0.1641995
0.7509522
0
-0.05456817
0.8450513
0
-0.01274574
0.8820159
0
-0.4296952
-0.277584
0
0.580914
0.8541172
0
0.4981947
0.6030455
0
0.198434
-0.1425339
0
-0.9826639
0.5467238
0
-0.9507577
-0.6851695
0
-0.6632979
-0.4479898
0
-0.678988
-0.2585062
0
-0.2944976
0.2886676
0
0.4381962
0.3581042
0
-0.2850348
0.3298707
0
-0.9038887
-0.8408868
0
-0.7010663
-0.09625161
0
0.4503493
-0.6755776
0
0.198788
0.1163377
0
0.9348803
0.8234746
0
0.9221056
0.9475994
0
0.7291493
-0.007196784
0
-0.6121285
0.5087199
0
-0.4441706
-0.9865737
0
-0.0774411
0.8198853
0
0.9675431
0.1742822
0
-0.3361584
-0.1192673
0
0.8576131
-0.8256571
0
0.09425652
-0.4141153
0
0.3965368
0.5303786
0
0.8766384
-0.6534801
0
-0.8705626
-0.7246258
0
-0.6245167
-0.9712257
0
-0.5870068
-0.5662224
0
-0.08394921
-0.3003987
0
0.5327139
-0.3941821
0
0.2862208
-0.6062663
0
0.009845614
-0.2695929
0
0.9401853
0.865449
0
0.7654068
0.7728345
0
-0.6718173
0.6029205
0
-0.5607367
0.5050948
0
-0.3223492
-0.4704927
0
-0.09011614
0.9804885
0
-0.5265853
-0.7173824
0
0.9388638
-0.7461822
0
0.1152996
-0.6168442
0
0.2564158
0.05220306
0
0.6867592
-0.1202728
0
-0.8775218
-0.1382874
0
-0.3457636
0.6618211
0
-0.6987503
-0.7013469
0
0.4225375
0.9811964
0
0.1056408
-0.2861592
0
0.6387224
0.1153592
0
0.4918568
-0.6771438
0
0.8005381
-0.7211125
0
-0.7173576
-0.9217851
0
-0.8105257
0.7490134
0
0.591784
-0.2011751
0
-0.14125
-0.8409002
0
0.05045545
-0.1955653
0
-0.2029158
-0.5021374
0
0.003220677
0.420865
0
-0.5200593
-0.009948134
0
-0.1453699
0.4055271
0
0.9554896
0.9397762
0
-0.2792505
-0.679105
0
-0.1155936
0.3232581
0
-0.4898306
-0.2005376
0
-0.67695
0.3563914
0
-0.3357879
0.8341522
0
0.1787912
-0.2658261
0
0.3556175
-0.1368543
0
0.1812037
0.4148678
0
0.0856725
0.1272825
0
0.149417
-0.4268097
0
0.1102539
0.5311093
0
0.6924608
0.03310525
0
0.5551612
-0.8682067
0
-0.4928063
0.4760086
0
0.3389411
0.1447264
0
-0.3855654
-0.722928
0
-0.5876606
-0.6801949
0
0.65927
-0.9822562
0
-0.3283428
-0.9663937
0
0.4786739
-0.8476815
0
0.7871788
-0.232159
0
0.3656852
0.8298204
0
-0.1700867
0.7862492
0
0.3259191
0.777545
0
-0.5629418
-0.03983462
0
-0.7110021
0.9081357
0
0.009975314
0.7365615
0
0.4871559
0.1187538
0
-0.06858385
-0.5957329
0
-0.3094107
0.7560406
0
-0.1226538
-0.7954245
0
0.2019285
0.6069086
0
0.8108664
-0.3839451
0
-0.6089737
0.221254
0
-0.267712
-0.5722179
0
-0.2836682
-0.9238482
0
0.346678
-0.7960556
0
-0.81809
0.9604988
0
0.471039
-0.2863415
0
0.2183019
-0.8787324
0
-0.6868298
-0.1662086
0
-0.5018065
-0.7986298
0
-0.2045366
0.9816258
0
-0.585777
0.9832094
0
0.8299298
-0.5373311
0
0.3908086
0.4104747
0
0.8960876
0.8953414
0
-0.3730642
0.1803931
0
0.1807097
-0.6655195
0
-0.6320105
0.4289965
0
0.9426858
0.9371986
0
-0.6459126
0.1147677
0
0.5615864
0.2710077
0
0.5912273
-0.3624336
0
0.2725029
0.3704593
0
0.4597578
0.515305
0
-0.7237861
0.745863
0
0.4726379
0.8743701
0
-0.0415467
0.8480682
0
-0.6673672
0.4769017
0
-0.294149
-0.8853469
0
0.7123318
0.5252321
0
-0.02913654
-0.3895425
0
-0.1416
0.6383545
0
0.9661152
-0.788101
0
-0.4227291
-0.492278
0
0.3641681
0.2598221
0
0.06901038
-0.2665483
0
-0.3953637
-0.7241547
0
0.6017435
0.04107535
0
-0.6988728
-0.9248614
0
-0.6393697
-0.536797
0
-0.9045839
0.4717576
0
-0.170683
0.03839815
0
-0.4250094
-0.2646405
0
0.3760223
-0.6651146
0
0.9496174
0.936075
0
0.6455598
-0.8553681
0
-0.383577
0.743005
0
-0.2980615
-0.8811965
0
-0.9446146
-0.7781141
0
0.8906014
0.6078236
0
0.691617
0.2486008
0
0.8428037
-0.4471728
0
0.3647802
0.8776326
0
0.1375445
-0.7234333
0
0.3455903
0.7578416
0
-0.7130313
0.1153592
0
0.4918568
-0.6771438
0
0.8005381
-0.3203925
0
-0.6723206
0.4753136
0
0.607532
0.7490134
0
0.591784
-0.2442886
0
-0.8171868
-0.8409002
0
0.05045545
-0.1955653
0
-0.2029158
-0.04907382
0
0.1520621
0.880939
0
-0.2922157
-0.009948134
0
-0.1453699
-0.07942927
0
0.9970427
0.9397762
0
-0.2792505
-0.5910568
0
-0.5988064
0.3232581
0
-0.4898306
0.1734489
0
-0.5296664
0.5503426
0
-0.7055295
0.5079401
0
0.177404
-0.2658261
0
0.3556175
0.4473169
0
-0.4330696
-0.8225112
0
0.1353196
0.4759893
0
0.2950577
-0.4268097
0
0.1102539
0.5311093
0
0.6924608
0.03310525
0
0.5551612
-0.8682067
0
-0.4928063
0.4760086
0
0.3389411
-0.9434059
0
-0.04490387
-0.722928
0
-0.5876606
0.7079804
0
0.1799635
-0.5181954
0
0.9117668
-0.4847618
0
-0.316497
-0.8476815
0
0.7871788
-0.6028965
0
-0.506629
0.8298204
0
-0.1700867
0.7862492
0
0.3259191
0.777545
0
-0.5629418
-0.8126791
0
0.8180766
-0.2510184
0
-0.9447868
0.7365615
0
0.4871559
0.1187538
0
-0.06858385
0.9308214
0
-0.2225238
-0.1083022
0
-0.3156837
-0.7954245
0
0.2019285
0.25829
0
-0.5656123
-0.3839451
0
-0.6089737
0.221254
0
-0.267712
-0.5722179
0
-0.2836682
0.8450513
0
-0.01274574
0.8820159
0
-0.4296952
0.9604988
0
0.471039
0.8541172
0
0.4981947
0.6030455
0
0.198434
-0.1662086
0
-0.5018065
-0.7986298
0
-0.2045366
-0.6851695
0
-0.6632979
0.9832094
0
0.8299298
-0.2585062
0
-0.2944976
0.4104747
0
0.8960876
-0.1585828
0
-0.06153572
0.1803931
0
0.1807097
-0.6655195
0
-0.6320105
0.4289965
0
0.9426858
-0.6755776
0
0.198788
0.1163377
0
0.9348803
0.2710077
0
0.5912273
0.9475994
0
0.7291493
0.3704593
0
0.4597578
0.515305
0
-0.7237861
-0.3479253
0
-0.9100776
0.8743701
0
-0.0415467
0.8480682
0
-0.6673672
0.4769017
0
-0.294149
-0.8853469
0
0.7123318
-0.4141153
0
0.3965368
0.5303786
0
0.8766384
0.6383545
0
0.9661152
-0.7246258
0
-0.6245167
-0.492278
0
0.3641681
-0.5662224
0
-0.08394921
-0.2665483
0
-0.3953637
-0.3941821
0
0.2862208
-0.6062663
0
0.009845614
-0.9248614
0
-0.6393697
-0.536797
0
-0.9045839
0.4717576
0
-0.170683
0.03839815
0
-0.4250094
0.5050948
0
-0.3223492
-0.4704927
0
-0.09011614
0.9804885
0
-0.5265853
-0.8553681
0
-0.383577
-0.7461822
0
0.1152996
-0.6168442
0
0.2564158
0.05220306
0
0.6867592
-0.1202728
0
-0.8775218
0.2486008
0
0.8428037
-0.4471728
0
0.3647802
-0.7013469
0
0.4225375
0.9811964
0
0.1056408
0.7578416
0
-0.7130313
0.1153592
0
0.4918568
-0.6771438
0
0.8005381
-0.7211125
0
-0.7173576
-0.9217851
0
-0.8105257
0.7490134
0
0.591784
-0.2011751
0
-0.14125
-0.8409002
0
0.05045545
-0.342662
0
-0.1684948
-0.5021374
0
0.003220677
0.420865
0
-0.5200593
-0.009948134
0
-0.1453699
0.4055271
0
0.9554896
0.9397762
0
-0.2792505
-0.679105
0
-0.1155936
0.3232581
0
-0.4898306
-0.2005376
0
-0.67695
0.3563914
0
-0.3357879
0.8341522
0
0.1787912
-0.2658261
0
0.3556175
-0.1368543
0
0.1812037
0.4148678
0
0.0856725
0.1272825
0
0.149417
-0.4268097
0
0.1102539
0.5311093
0
0.6924608
0.03310525
0
0.5551612
-0.8682067
0
-0.4928063
0.4760086
0
0.3389411
0.1447264
0
-0.3855654
-0.722928
0
-0.5876606
-0.6801949
0
0.65927
-0.9822562
0
-0.3283428
-0.9663937
0
0.4786739
-0.8476815
0
0.7871788
-0.232159
0
0.3656852
0.8298204
0
-0.1700867
0.7862492
0
0.3259191
0.777545
0
-0.5629418
-0.03983462
0
-0.7110021
0.9081357
0
0.009975314
0.7365615
0
0.4871559
0.1187538
0
-0.06858385
-0.5957329
0
-0.3094107
0.7560406
0
-0.1226538
-0.7954245
0
0.2019285
0.4948742
0
0.4828715
-0.3839451
0
-0.6089737
0.221254
0
-0.267712
-0.5722179
0
-0.2836682
-0.9238482
0
0.346678
-0.7960556
0
-0.81809
0.9604988
0
0.471039
-0.2863415
0
0.2183019
-0.8787324
0
-0.6868298
-0.1662086
0
-0.5018065
-0.7986298
0
-0.2045366
-0.5452337
0
-0.6065564
0.9832094
0
0.8299298
-0.5373311
0
0.3908086
0.4104747
0
0.8960876
0.8953414
0
-0.3730642
0.1803931
0
0.1807097
-0.6655195
0
-0.6320105
0.4289965
0
0.9426858
0.9371986
0
-0.6459126
0.1147677
0
0.5615864
0.2710077
0
0.5912273
-0.3624336
0
0.2725029
0.3704593
0
0.4597578
0.515305
0
-0.7237861
-0.01588547
0
0.9527402
0.8743701
0
-0.0415467
0.8480682
0
-0.6673672
0.4769017
0
-0.294149
-0.8853469
0
0.7123318
0.5252321
0
-0.02913654
-0.3895425
0
-0.1416
0.6383545
0
0.9661152
-0.788101
0
-0.4227291
-0.492278
0
0.3641681
0.2598221
0
0.06901038
-0.2665483
0
-0.3953637
-0.7241547
0
0.6017435
0.04107535
0
-0.6988728
-0.9248614
0
-0.6393697
-0.536797
0
-0.9045839
0.4717576
0
-0.170683
0.03839815
0
-0.4250094
-0.2646405
0
0.3760223
-0.6651146
0
0.9496174
0.936075
0
0.6455598
-0.8553681
0
-0.383577
0.743005
0
-0.2980615
-0.2382306
0
0.2311298
-0.7781141
0
0.8906014
0.6078236
0
0.691617
0.2486008
0
0.8428037
-0.4471728
0
0.3647802
0.8776326
0
0.1375445
-0.7234333
0
0.3455903
0.7578416
0
-0.7130313
0.5357118
0
0.3649318
-0.9076257
0
-0.8228459
-0.7211125
0
-0.7173576
0.4753136
0
0.607532
-0.191099
0
-0.4081281
-0.2011751
0
-0.14125
0.5190539
0
0.1590914
-0.1955653
0
-0.2029158
-0.5021374
0
0.003220677
0.880939
0
-0.2922157
-0.3402904
0
-0.0609194
0.4055271
0
0.9554896
0.9397762
0
-0.2792505
-0.679105
0
-0.1155936
0.3232581
0
-0.4898306
-0.2005376
0
-0.67695
0.3563914
0
-0.3357879
0.5079401
0
0.177404
-0.5126555
0
0.7407019
0.4473169
0
-0.4330696
-0.8225112
0
0.1353196
0.4759893
0
0.2950577
-0.4268097
0
0.1102539
-0.1271421
0
-0.3554789
0.03310525
0
0.5551612
-0.2804743
0
-0.5015905
0.2649393
0
-0.7587738
0.1447264
0
-0.3855654
-0.4738492
0
-0.244505
0.7079804
0
0.1799635
-0.5181954
0
0.9117668
-0.4847618
0
-0.316497
-0.8476815
0
0.7871788
-0.6028965
0
-0.506629
0.2290186
0
-0.1714321
0.8296947
0
-0.6291521
0.777545
0
-0.5629418
-0.03983462
0
-0.7110021
0.9081357
0
0.009975314
0.7365615
0
0.4871559
0.1187538
0
-0.06858385
-0.5957329
0
-0.3094107
-0.2917327
0
0.8829479
-0.7954245
0
0.2019285
0.6069086
0
0.8108664
-0.4012367
0
0.2536373
-0.3024985
0
-0.3862101
0.7509522
0
-0.05456817
-0.9238482
0
0.346678
-0.7960556
0
-0.81809
-0.277584
0
0.580914
-0.2863415
0
0.2183019
0.6030455
0
0.198434
-0.1662086
0
-0.5018065
0.5467238
0
-0.9507577
0.9816258
0
-0.585777
-0.4479898
0
-0.678988
-0.5373311
0
0.3908086
0.4104747
0
0.8960876
0.8953414
0
-0.3730642
0.1803931
0
0.1807097
-0.8408868
0
-0.7010663
0.4289965
0
0.9426858
0.9371986
0
-0.6459126
0.1163377
0
0.9348803
0.2710077
0
0.5912273
-0.3624336
0
0.2725029
0.3704593
0
0.4597578
0.515305
0
-0.7237861
-0.9865737
0
-0.0774411
0.8198853
0
0.9675431
0.8480682
0
-0.6673672
-0.1192673
0
0.8576131
-0.8256571
0
0.09425652
-0.4141153
0
0.3965368
0.5303786
0
0.8766384
-0.6534801
0
-0.8705626
-0.7246258
0
-0.6245167
-0.9712257
0
-0.5870068
0.2598221
0
0.06901038
-0.2665483
0
-0.3953637
-0.4766692
0
-0.08998764
0.04107535
0
-0.6988728
-0.9248614
0
-0.6393697
-0.536797
0
-0.9045839
0.7728345
0
-0.6718173
0.6029205
0
-0.5607367
-0.2646405
0
0.3760223
-0.4704927
0
-0.09011614
0.936075
0
0.6455598
-0.7173824
0
0.9388638
-0.7461822
0
0.1152996
-0.6168442
0
0.2564158
0.05220306
0
0.6867592
-0.1202728
0
-0.8775218
0.2486008
0
0.8428037
-0.4471728
0
0.3647802
-0.4324404
0
0.05424869
0.9811964
0
0.1056408
0.7578416
0
-0.7130313
