0.7859867
0
0.6285987
0.2124242
0
0.8042448
0.6421731
0
0.1485013
0.9438646
0
-0.3212003
0.05851424
0
0.01385152
0.6231306
0
0.4180174
0.9539135
0
0.0399605
0.839155
0
0.3633444
0.9985116
0
0.9243524
0.9506321
0
0.2234246
0.745302
0
-0.1506795
0.6756582
0
0.5165665
0.8065116
0
-0.0987457
0.6515543
0
-0.2881907
0.616117
0
0.0107671
0.5857921
0
-0.783715
0.9639699
0
-0.02796447
0.980648
0
-0.7501125
0.8863101
0
-0.3458632
0.8789425
0
0.3364143
-0.04480422
0
-0.8526587
0.5944107
0
-0.4398845
-0.1327921
0
0.1852478
0.9861212
0
-0.9762738
0.5953748
0
0.8039949
0.7925172
0
-0.5166264
0.1997362
0
-0.9377372
0.5971465
0
-0.1328646
-0.1694897
0
0.616384
0.618253
0
-0.8433273
-0.3033038
0
0.7314944
-0.7432885
0
-0.1431102
0.5459847
0
-0.8168101
-0.2571453
0
-0.863004
0.7744389
0
-0.9733181
-0.5144935
0
-0.8145041
0.3272574
0
-0.7104857
-0.7453861
0
0.3718812
-0.08529508
0
-0.7161016
-0.2674488
0
0.3341171
0.7659221
0
-0.9788399
-0.1961039
0
-0.3690933
-0.1420578
0
-0.5330236
0.8177247
0
-0.9627738
0.7101541
0
-0.770206
0.1622638
0
-0.6176872
-0.1477298
0
-0.8374875
0.8519509
0
-0.9156189
0.9191701
0
-0.7677946
-0.7334235
0
0.5815306
-0.7972631
0
-0.9927561
0.7878194
0
-0.5331321
-0.6511197
0
-0.519989
-0.9589274
0
-0.2039834
0.1494688
0
-0.6279156
-0.2590553
0
-0.3361779
-0.5305438
0
-0.9318464
-0.5700839
0
-0.6730843
0.2027491
0
-0.7825692
0.9618893
0
0.04221976
-0.1635302
0
-0.8679097
0.3247463
0
-0.4914087
-0.2072295
0
-0.8197839
-0.8418984
0
-0.8543878
0.7864592
0
0.2725839
-0.8599577
0
-0.8599074
0.7973244
0
-0.5158887
-0.8297846
0
-0.2513553
-0.5056396
0
-0.5952587
0.4382784
0
-0.298972
-0.2724913
0
0.7620091
-0.673049
0
-0.9622405
-0.2509738
0
0.02909505
0.2862374
0
-0.8882968
-0.4310385
0
-0.8637998
0.5810621
0
-0.2732242
0.5283868
0
-0.6476834
-0.6755004
0
0.4808321
0.08886397
0
0.1057986
-0.2810286
0
-0.3367177
0.3600983
0
0.5666771
0.4223499
0
-0.9022672
0.4694895
0
-0.907517
-0.5430002
0
-0.5548666
0.634948
0
-0.5544932
-0.1925575
0
-0.2555963
-0.8651714
0
0.3370282
-0.1863559
0
-0.4227794
0.5476985
0
-0.6309009
-0.4117113
0
0.2031366
0.9911005
0
0.5786262
-0.5318289
0
0.2310513
0.02991188
0
-0.3388175
-0.6195776
0
-0.9284489
-0.3453974
0
0.5919404
-0.3761011
0
-0.3760682
-0.555851
0
-0.2807428
-0.5233724
0
0.2558527
0.8706644
0
-0.8614609
0.6705379
0
-0.8846605
-0.4016572
0
0.3466341
0.6368356
0
-0.5911593
0.2728407
0
-0.4660081
0.6259348
0
-0.9661531
-0.370036
0
0.653672
-0.5839663
0
0.2434777
-0.8985486
0
-0.1718909
0.6343846
0
-0.3631433
-0.6273701
0
-0.5822258
-0.7146993
0
-0.9139793
0.3341236
0
-0.3287774
0.3273217
0
-0.2815968
0.4539342
0
-0.7489018
0.5583529
0
0.1887785
-0.1976618
0
-0.3298427
0.8244884
0
-0.9721832
0.9528773
0
0.221737
0.6273661
0
-0.06744182
0.4504237
0
-0.8717616
0.9152589
0
0.2703688
-0.2417248
0
-0.5387957
0.5750325
0
-0.4073952
-0.7048955
0
-0.901849
-0.1906749
0
-0.8384867
-0.2116193
0
-0.6736135
-0.1589545
0
-0.5919461
0.5444407
0
0.7302535
0.4584722
0
0.571219
0.6346557
0
-0.7997854
0.1129383
0
-0.3436025
0.8901601
0
-0.1499082
-0.108514
0
0.06057489
-0.1349493
0
-0.4518148
0.9482622
0
0.1613487
0.8126261
0
-0.5993268
0.1905454
0
-0.7964652
0.821429
0
-0.9223058
0.5501659
0
0.1291364
0.2382215
0
-0.401106
0.1724786
0
-0.3203965
0.7859867
0
0.6285987
-0.0355643
0
0.6133597
0.6421731
0
0.1485013
0.4069693
0
-0.0250901
0.05851424
0
0.01385152
0.6231306
0
0.4180174
0.9539135
0
0.0399605
0.9966156
0
-0.7788744
0.9985116
0
0.9243524
0.9937875
0
-0.6173408
0.745302
0
-0.1506795
0.6756582
0
0.5165665
0.6516778
0
-0.9290764
0.9919283
0
0.05274189
0.616117
0
0.0107671
0.5857921
0
-0.783715
0.7503471
0
-0.3976232
0.980648
0
-0.7501125
-0.8406975
0
-0.566417
0.8789425
0
0.3364143
-0.04480422
0
-0.8526587
0.5131907
0
-0.03485119
-0.1327921
0
0.1852478
0.9861212
0
-0.9762738
-0.6594181
0
0.3364055
0.7925172
0
-0.5166264
0.1997362
0
-0.9377372
-0.2501775
0
0.1174501
-0.1694897
0
0.616384
0.831352
0
-0.9194057
-0.2241226
0
-0.400138
-0.01470888
0
-0.6301529
0.6330264
0
0.8600807
-0.2571453
0
-0.863004
0.7744389
0
-0.9733181
-0.909802
0
-0.9979036
0.8445675
0
-0.9603744
-0.7453861
0
0.3718812
-0.108802
0
-0.8629208
0.3483891
0
0.4275939
0.7659221
0
-0.9788399
-0.1961039
0
-0.3690933
-0.334076
0
0.5114987
0.6679916
0
0.2422353
0.7101541
0
-0.770206
0.1622638
0
-0.6176872
-0.1477298
0
-0.8374875
0.07603729
0
-0.6308973
0.9191701
0
-0.7677946
-0.7334235
0
0.5815306
-0.7972631
0
-0.9927561
0.8881965
0
-0.07475555
-0.6511197
0
-0.519989
0.6615973
0
-0.9697504
0.1494688
0
-0.6279156
-0.2590553
0
-0.3361779
-0.5305438
0
-0.9318464
0.8625977
0
-0.3750864
0.2027491
0
-0.7825692
-0.3753175
0
-0.4753591
0.362612
0
-0.6963577
0.3247463
0
-0.4914087
-0.2629424
0
-0.7220564
-0.8418984
0
-0.8543878
0.1310059
0
-0.3150104
-0.907459
0
0.3812225
0.7973244
0
-0.5158887
0.8426604
0
0.8966746
-0.5056396
0
-0.5952587
0.4382784
0
-0.298972
-0.2244035
0
-0.9295707
0.05743968
0
-0.652179
0.1660568
0
0.7061446
0.4761324
0
0.1203035
-0.4310385
0
-0.8637998
0.05223787
0
-0.3553957
0.09715021
0
-0.7005441
-0.6755004
0
0.4808321
0.08886397
0
0.1057986
-0.09936035
0
-0.0540458
0.3600983
0
0.5666771
0.4223499
0
-0.9022672
0.2809677
0
-0.3617355
-0.2306246
0
0.6265998
0.634948
0
-0.5544932
-0.1925575
0
-0.2555963
-0.8651714
0
0.3370282
0.7926278
0
-0.2130598
-0.421358
0
0.5719833
0.8149772
0
0.1990937
-0.1646796
0
-0.7398727
-0.8883126
0
0.5587912
0.02954638
0
-0.8536327
-0.6195776
0
-0.9284489
-0.3453974
0
0.5919404
0.7584081
0
0.6297779
0.7133627
0
0.3702829
-0.7236316
0
-0.4605619
0.8706644
0
-0.8614609
-0.3311878
0
-0.9519906
0.603148
0
-0.5411894
0.3396835
0
-0.8774548
0.5744836
0
-0.6761816
-0.3236719
0
-0.1041657
-0.6929157
0
-0.917568
-0.5839663
0
0.2434777
-0.8985486
0
-0.1718909
0.6343846
0
-0.3631433
-0.6273701
0
-0.5822258
-0.7146993
0
-0.9139793
0.2298769
0
-0.9694803
0.501529
0
-0.9422984
0.3579809
0
0.1786298
0.5583529
0
0.1887785
0.3214051
0
-0.6379118
0.8244884
0
-0.9721832
0.9528773
0
0.221737
-0.05262578
0
-0.5893896
0.4504237
0
-0.8717616
0.3093946
0
-0.6693904
0.6188521
0
-0.6713974
-0.1159734
0
0.4327991
-0.7048955
0
-0.901849
0.221079
0
0.5523665
-0.2116193
0
-0.6736135
-0.6163437
0
-0.3949248
0.2882795
0
-0.0250212
-0.4880177
0
-0.7507205
0.6346557
0
-0.7997854
0.1129383
0
-0.3436025
0.8901601
0
-0.1499082
0.4922981
0
-0.9139075
-0.1349493
0
-0.4518148
0.9482622
0
0.1613487
0.8126261
0
-0.5993268
0.1905454
0
-0.7964652
-0.7405155
0
-0.9995074
-0.9055586
0
0.3998336
0.2382215
0
-0.401106
0.1724786
0
-0.3203965
0.7859867
0
0.6285987
0.6423414
0
0.8637769
0.6160645
0
-0.9521477
-0.612174
0
-0.6738765
0.9701548
0
-0.4503318
0.9094172
0
-0.5929604
0.2200223
0
-0.07808554
0.839155
0
0.3633444
0.9985116
0
0.9243524
0.9506321
0
0.2234246
0.745302
0
-0.1506795
0.6756582
0
0.5165665
0.8065116
0
-0.0987457
0.6515543
0
-0.2881907
0.616117
0
0.0107671
0.8434272
0
0.3844008
0.9639699
0
-0.02796447
-0.4825529
0
-0.9545746
0.2619846
0
0.5237029
0.4999549
0
-0.6126828
0.944402
0
-0.005807519
0.5131907
0
-0.03485119
0.6588144
0
-0.9154387
0.6762722
0
0.3075893
-0.9522812
0
-0.4817106
0.7925172
0
-0.5166264
0.1997362
0
-0.9377372
0.4206273
0
0.7429841
-0.1694897
0
0.616384
0.6194103
0
-0.9511144
-0.3033038
0
0.7314944
-0.01470888
0
-0.6301529
0.8802609
0
-0.9359591
-0.2571453
0
-0.863004
0.7744389
0
-0.9733181
-0.5144935
0
-0.8145041
0.8445675
0
-0.9603744
-0.7453861
0
0.3718812
-0.108802
0
-0.8629208
-0.2134837
0
-0.7342272
0.7659221
0
-0.9788399
-0.1961039
0
-0.3690933
-0.1420578
0
-0.5330236
0.8177247
0
-0.9627738
0.7101541
0
-0.770206
0.7217777
0
0.1250001
-0.1477298
0
-0.8374875
-0.3569065
0
-0.3419551
0.9191701
0
-0.7677946
-0.7334235
0
0.5815306
-0.7972631
0
-0.9927561
0.4256415
0
0.3188903
-0.6511197
0
-0.519989
-0.9589274
0
-0.2039834
0.1494688
0
-0.6279156
0.264359
0
0.4279437
-0.5305438
0
-0.9318464
0.2274948
0
-0.01645601
0.2027491
0
-0.7825692
0.9958487
0
-0.2719704
-0.1635302
0
-0.8679097
0.3247463
0
-0.4914087
-0.2629424
0
-0.7220564
-0.8418984
0
-0.8543878
0.5502987
0
-0.5148005
0.4346609
0
0.9635496
0.7973244
0
-0.5158887
0.3875992
0
-0.1509877
-0.9219811
0
-0.9241629
0.4382784
0
-0.298972
-0.2244035
0
-0.9295707
-0.673049
0
-0.9622405
0.1660568
0
0.7061446
0.2862374
0
-0.8882968
-0.4310385
0
-0.8637998
0.05223787
0
-0.3553957
0.09715021
0
-0.7005441
0.009312034
0
-0.9038348
0.4068558
0
-0.8441567
-0.2810286
0
-0.3367177
-0.8145001
0
-0.04179323
-0.09120166
0
-0.218459
0.2809677
0
-0.3617355
-0.599448
0
0.06447279
0.634948
0
-0.5544932
-0.1925575
0
-0.2555963
0.2872863
0
-0.9023194
-0.1863559
0
-0.4227794
-0.4083959
0
0.3761334
0.7913246
0
-0.8418536
-0.1646796
0
-0.7398727
-0.5318289
0
0.2310513
0.6193759
0
0.6038172
-0.6195776
0
-0.9284489
-0.913547
0
-0.08037937
0.7584081
0
0.6297779
0.3178885
0
-0.9688468
-0.5233724
0
0.2558527
0.8706644
0
-0.8614609
0.6189299
0
-0.4603363
-0.377848
0
-0.4212557
0.9729075
0
-0.8904574
0.2728407
0
-0.4660081
0.8726711
0
-0.225391
-0.370036
0
0.653672
0.6779432
0
-0.88849
-0.145028
0
0.6759036
0.6343846
0
-0.3631433
-0.6273701
0
-0.5822258
-0.7146993
0
-0.9139793
0.3341236
0
-0.3287774
0.501529
0
-0.9422984
0.4539342
0
-0.7489018
0.8929436
0
0.04604638
0.5504773
0
-0.2220868
-0.3883756
0
-0.1527821
0.9528773
0
0.221737
0.6273661
0
-0.06744182
0.3874333
0
-0.9015589
0.3128226
0
0.9014769
-0.8083203
0
-0.2492582
-0.5642741
0
0.3286297
0.314249
0
0.7267256
-0.1906749
0
-0.8384867
-0.2116193
0
-0.6736135
0.8905158
0
-0.698138
-0.374627
0
0.9518175
-0.4880177
0
-0.7507205
-0.7318084
0
-0.6548364
0.1129383
0
-0.3436025
0.8901601
0
-0.1499082
-0.108514
0
0.06057489
0.9744184
0
-0.9419446
-0.06078255
0
0.8193626
-0.6327717
0
-0.7946811
0.1905454
0
-0.7964652
-0.7405155
0
-0.9995074
0.5501659
0
0.1291364
0.2382215
0
-0.401106
0.4054715
0
0.2919001
0.7859867
0
0.6285987
0.6423414
0
0.8637769
0.6160645
0
-0.9521477
0.9438646
0
-0.3212003
0.9701548
0
-0.4503318
0.6231306
0
0.4180174
0.9539135
0
0.0399605
0.839155
0
0.3633444
0.9985116
0
0.9243524
0.9506321
0
0.2234246
0.745302
0
-0.1506795
0.6756582
0
0.5165665
-0.1565489
0
0.4777682
0.9919283
0
0.05274189
0.2128073
0
-0.257408
0.5857921
0
-0.783715
0.2989466
0
-0.07561958
0.8282261
0
-0.942364
0.2619846
0
0.5237029
0.4999549
0
-0.6126828
-0.04480422
0
-0.8526587
0.5131907
0
-0.03485119
0.6588144
0
-0.9154387
0.6762722
0
0.3075893
-0.9522812
0
-0.4817106
0.7925172
0
-0.5166264
-0.77317
0
-0.3130342
0.8419886
0
-0.327628
-0.6732795
0
-0.007578015
0.618253
0
-0.8433273
0.944685
0
-0.2747971
-0.01470888
0
-0.6301529
-0.02021992
0
-0.2849416
-0.2571453
0
-0.863004
-0.3512069
0
-0.3644198
-0.5144935
0
-0.8145041
0.8445675
0
-0.9603744
-0.7450221
0
0.9498944
-0.108802
0
-0.8629208
-0.8152981
0
-0.6314206
0.7659221
0
-0.9788399
-0.2379266
0
-0.4656516
-0.2527176
0
-0.5300131
0.3163583
0
-0.4974571
0.8533051
0
-0.6794569
-0.7163434
0
0.6849246
-0.3822309
0
0.2554416
-0.3569065
0
-0.3419551
0.9191701
0
-0.7677946
-0.7334235
0
0.5815306
0.928829
0
0.3852434
0.8881965
0
-0.07475555
0.5129881
0
-0.3693911
-0.2301277
0
0.07539117
0.1494688
0
-0.6279156
0.5972176
0
0.3225774
-0.5305438
0
-0.9318464
0.2274948
0
-0.01645601
0.2027491
0
-0.7825692
-0.6663582
0
-0.7393045
0.362612
0
-0.6963577
0.3247463
0
-0.4914087
-0.2629424
0
-0.7220564
-0.8418984
0
-0.8543878
0.7864592
0
0.2725839
0.2455534
0
-0.6841934
0.7973244
0
-0.5158887
0.3875992
0
-0.1509877
-0.9219811
0
-0.9241629
0.4382784
0
-0.298972
-0.2244035
0
-0.9295707
-0.2376531
0
-0.9164197
0.1660568
0
0.7061446
0.4761324
0
0.1203035
-0.4310385
0
-0.8637998
0.05223787
0
-0.3553957
0.09715021
0
-0.7005441
-0.6755004
0
0.4808321
0.08886397
0
0.1057986
0.3805244
0
-0.3504831
0.3600983
0
0.5666771
0.4223499
0
-0.9022672
0.2809677
0
-0.3617355
-0.8899481
0
0.2785749
0.634948
0
-0.5544932
-0.3621119
0
0.2845747
0.2872863
0
-0.9023194
-0.2792917
0
0.6247566
-0.421358
0
0.5719833
0.8149772
0
0.1990937
-0.1646796
0
-0.7398727
0.254085
0
-0.9357255
0.02954638
0
-0.8536327
-0.6195776
0
-0.9284489
-0.913547
0
-0.08037937
0.7584081
0
0.6297779
0.3178885
0
-0.9688468
-0.344447
0
-0.2406923
0.700269
0
-0.68679
0.6189299
0
-0.4603363
-0.377848
0
-0.4212557
0.3396835
0
-0.8774548
0.2728407
0
-0.4660081
-0.1296421
0
-0.234253
-0.6568255
0
-0.2292143
0.6779432
0
-0.88849
0.2933173
0
-0.7431893
0.9577756
0
0.8669796
-0.6273701
0
-0.5822258
-0.7146993
0
-0.9139793
0.2298769
0
-0.9694803
0.501529
0
-0.9422984
-0.9595196
0
0.7817678
0.5583529
0
0.1887785
-0.1976618
0
-0.3298427
0.8244884
0
-0.9721832
0.3251705
0
0.9173288
-0.05262578
0
-0.5893896
0.4504237
0
-0.8717616
0.5945096
0
-0.4597725
-0.8083203
0
-0.2492582
-0.9035125
0
-0.1298586
0.9798999
0
0.525774
-0.1906749
0
-0.8384867
-0.2116193
0
-0.6736135
0.8905158
0
-0.698138
-0.784411
0
-0.9172294
-0.4880177
0
-0.7507205
0.6346557
0
-0.7997854
0.1129383
0
-0.3436025
0.8901601
0
-0.1499082
-0.108514
0
0.06057489
0.7910891
0
-0.2569228
0.9482622
0
0.1613487
0.8126261
0
-0.5993268
0.1905454
0
-0.7964652
-0.7405155
0
-0.9995074
-0.4455761
0
-0.9099092
0.2382215
0
-0.401106
0.7812319
0
0.580404
0.7859867
0
0.6285987
-0.0355643
0
0.6133597
0.9712968
0
0.06033123
0.9438646
0
-0.3212003
0.9191282
0
-0.1968066
0.6231306
0
0.4180174
0.9539135
0
0.0399605
0.9966156
0
-0.7788744
0.9985116
0
0.9243524
0.4854705
0
-0.5018463
0.4191658
0
-0.5013187
0.6756582
0
0.5165665
0.6516778
0
-0.9290764
0.9919283
0
0.05274189
0.2152184
0
-0.3025585
-0.0172075
0
0.2323989
0.2989466
0
-0.07561958
0.8282261
0
-0.942364
0.5487885
0
-0.8554025
0.7726517
0
-0.08765495
-0.04480422
0
-0.8526587
0.5131907
0
-0.03485119
0.6588144
0
-0.9154387
0.9861212
0
-0.9762738
-0.6594181
0
0.3364055
0.8802876
0
-0.09552133
-0.77317
0
-0.3130342
0.8419886
0
-0.327628
-0.1740605
0
-0.881916
0.618253
0
-0.8433273
-0.2241226
0
-0.400138
-0.01470888
0
-0.6301529
0.5459847
0
-0.8168101
-0.1320571
0
0.8442948
0.7744389
0
-0.9733181
-0.5144935
0
-0.8145041
0.8445675
0
-0.9603744
0.1333977
0
-0.8413699
-0.08529508
0
-0.7161016
0.7397149
0
-0.7642043
0.1934172
0
-0.8039558
-0.0501641
0
0.1667448
-0.2527176
0
-0.5300131
0.3163583
0
-0.4974571
-0.5829551
0
-0.3309549
0.09424865
0
0.521029
-0.1477298
0
-0.8374875
0.8519509
0
-0.9156189
0.1442007
0
0.9033301
0.2374653
0
-0.6816137
-0.7972631
0
-0.9927561
-0.4701282
0
-0.3398308
-0.6511197
0
-0.519989
0.4007215
0
-0.7127624
0.1494688
0
-0.6279156
0.5972176
0
0.3225774
-0.5305438
0
-0.9318464
0.9348867
0
0.1435825
0.2027491
0
-0.7825692
0.9958487
0
-0.2719704
-0.4813434
0
0.06856
0.3247463
0
-0.4914087
-0.2629424
0
-0.7220564
-0.9149404
0
-0.08596003
0.1310059
0
-0.3150104
-0.8599577
0
-0.8599074
0.7973244
0
-0.5158887
-0.8297846
0
-0.2513553
0.1775631
0
0.7316616
0.4382784
0
-0.298972
-0.5057254
0
-0.6507304
-0.2376531
0
-0.9164197
0.1660568
0
0.7061446
0.4761324
0
0.1203035
-0.4310385
0
-0.8637998
0.05223787
0
-0.3553957
0.09715021
0
-0.7005441
-0.6755004
0
0.4808321
0.08886397
0
0.1057986
0.3805244
0
-0.3504831
-0.8145001
0
-0.04179323
0.5477717
0
-0.8657565
0.2809677
0
-0.3617355
-0.9946525
0
0.4618511
0.634948
0
-0.5544932
-0.3621119
0
0.2845747
-0.8651714
0
0.3370282
0.7209477
0
-0.02714074
-0.6053708
0
-0.3778218
0.8149772
0
0.1990937
-0.1646796
0
-0.7398727
-0.8883126
0
0.5587912
-0.3372997
0
-0.03793061
-0.6195776
0
-0.9284489
0.03979027
0
0.8902833
0.5046055
0
0.08056629
0.2202157
0
0.1896464
-0.344447
0
-0.2406923
0.8706644
0
-0.8614609
-0.3311878
0
-0.9519906
-0.7522774
0
-0.3967508
0.3396835
0
-0.8774548
0.2728407
0
-0.4660081
0.9157295
0
-0.2656068
-0.1378962
0
0.189973
-0.5839663
0
0.2434777
-0.8985486
0
-0.1718909
0.6343846
0
-0.3631433
-0.9283414
0
-0.8945725
-0.07979023
0
-0.06251729
0.1994141
0
-0.8640466
0.501529
0
-0.9422984
0.9342427
0
-0.1931955
0.8929436
0
0.04604638
-0.07527983
0
0.0365597
0.8244884
0
-0.9721832
0.9528773
0
0.221737
0.1508719
0
0.07696116
0.493752
0
-0.1540846
0.732152
0
-0.03054488
-0.8241451
0
-0.2890106
0.2600019
0
-0.1875736
0.314249
0
0.7267256
-0.1906749
0
-0.8384867
-0.2116193
0
-0.6736135
0.2668171
0
0.03627479
-0.784411
0
-0.9172294
0.5620306
0
-0.825778
0.6346557
0
-0.7997854
0.1129383
0
-0.3436025
0.8901601
0
-0.1499082
0.4922981
0
-0.9139075
-0.112954
0
-0.634264
0.9482622
0
0.1613487
0.8126261
0
-0.5993268
-0.7037752
0
0.0497669
-0.7405155
0
-0.9995074
0.8866096
0
-0.5887334
0.6333933
0
-0.08145463
0.1724786
0
-0.3203965
0.7859867
0
0.6285987
-0.0355643
0
0.6133597
0.6421731
0
0.1485013
0.9438646
0
-0.3212003
0.3513138
0
-0.3218893
0.6231306
0
0.4180174
0.9539135
0
0.0399605
0.839155
0
0.3633444
0.9985116
0
0.9243524
0.9506321
0
0.2234246
0.745302
0
-0.1506795
0.6756582
0
0.5165665
0.8065116
0
-0.0987457
0.2203628
0
0.6428905
0.616117
0
0.0107671
0.5857921
0
-0.783715
0.4769554
0
-0.1413282
0.980648
0
-0.7501125
0.8863101
0
-0.3458632
-0.6909587
0
-0.472531
-0.04480422
0
-0.8526587
0.5944107
0
-0.4398845
-0.3952166
0
-0.4024335
0.9861212
0
-0.9762738
0.5953748
0
0.8039949
0.1701766
0
-0.8248103
0.1997362
0
-0.9377372
0.5971465
0
-0.1328646
-0.1694897
0
0.616384
0.28475
0
0.2256008
-0.3033038
0
0.7314944
-0.7432885
0
-0.1431102
0.5459847
0
-0.8168101
-0.2571453
0
-0.863004
0.8460371
0
0.8918018
0.232782
0
-0.9045696
0.4238112
0
-0.7309072
-0.7453861
0
0.3718812
-0.08529508
0
-0.7161016
0.1218783
0
-0.586035
0.7659221
0
-0.9788399
-0.1961039
0
-0.3690933
-0.1420578
0
-0.5330236
0.8177247
0
-0.9627738
0.7101541
0
-0.770206
0.3932199
0
0.6506698
-0.1477298
0
-0.8374875
0.8519509
0
-0.9156189
0.9191701
0
-0.7677946
-0.7334235
0
0.5815306
-0.7972631
0
-0.9927561
0.7878194
0
-0.5331321
0.8521593
0
0.4248581
0.5292249
0
0.1768321
0.1494688
0
-0.6279156
-0.2590553
0
-0.3361779
-0.5305438
0
-0.9318464
0.2586441
0
-0.9340286
0.2027491
0
-0.7825692
0.9618893
0
0.04221976
-0.4801503
0
0.7935672
0.3247463
0
-0.4914087
-0.2072295
0
-0.8197839
-0.4258887
0
-0.6616154
0.7864592
0
0.2725839
-0.8599577
0
-0.8599074
0.0006560087
0
-0.7022369
-0.8297846
0
-0.2513553
-0.5056396
0
-0.5952587
0.4382784
0
-0.298972
-0.5057254
0
-0.6507304
-0.2376531
0
-0.9164197
-0.2509738
0
0.02909505
0.2862374
0
-0.8882968
-0.4310385
0
-0.8637998
0.05223787
0
-0.3553957
0.5283868
0
-0.6476834
-0.2738935
0
-0.7849054
0.08886397
0
0.1057986
0.3805244
0
-0.3504831
0.7740254
0
-0.09268773
0.4223499
0
-0.9022672
-0.7308133
0
-0.1991132
-0.5430002
0
-0.5548666
0.634948
0
-0.5544932
-0.1925575
0
-0.2555963
-0.8651714
0
0.3370282
-0.1863559
0
-0.4227794
0.5476985
0
-0.6309009
0.7913246
0
-0.8418536
-0.3252791
0
0.8354242
0.4756303
0
-0.1825014
0.02991188
0
-0.3388175
-0.6195776
0
-0.9284489
-0.3453974
0
0.5919404
0.5046055
0
0.08056629
-0.555851
0
-0.2807428
-0.5233724
0
0.2558527
0.8706644
0
-0.8614609
0.6705379
0
-0.8846605
-0.4016572
0
0.3466341
0.6368356
0
-0.5911593
0.2728407
0
-0.4660081
0.6259348
0
-0.9661531
-0.370036
0
0.653672
-0.5839663
0
0.2434777
-0.8985486
0
-0.1718909
0.6343846
0
-0.3631433
0.8904018
0
-0.2210339
-0.7146993
0
-0.9139793
0.3341236
0
-0.3287774
0.9987824
0
0.4120986
0.4539342
0
-0.7489018
0.5583529
0
0.1887785
-0.1976618
0
-0.3298427
0.03106749
0
-0.771776
0.9528773
0
0.221737
0.6273661
0
-0.06744182
0.4504237
0
-0.8717616
0.9152589
0
0.2703688
-0.9064872
0
-0.01990259
0.5750325
0
-0.4073952
-0.7048955
0
-0.901849
-0.1906749
0
-0.8384867
0.7915492
0
-0.4964422
-0.1589545
0
-0.5919461
0.5444407
0
0.7302535
-0.9020567
0
0.1200634
-0.9167922
0
-0.5062797
0.1129383
0
-0.3436025
0.8901601
0
-0.1499082
-0.706733
0
-0.8594489
0.424767
0
-0.8559031
0.9482622
0
0.1613487
0.8126261
0
-0.5993268
0.1905454
0
-0.7964652
0.821429
0
-0.9223058
-0.9055586
0
0.3998336
0.2382215
0
-0.401106
0.9173083
0
-0.3193301
-0.9673245
0
-0.7798321
-0.0355643
0
0.6133597
0.6421731
0
0.1485013
0.4069693
0
-0.0250901
0.05851424
0
0.01385152
0.6231306
0
0.4180174
0.9539135
0
0.0399605
0.9966156
0
-0.7788744
0.9985116
0
0.9243524
0.9506321
0
0.2234246
0.745302
0
-0.1506795
0.6756582
0
0.5165665
0.6516778
0
-0.9290764
0.9919283
0
0.05274189
0.616117
0
0.0107671
0.5857921
0
-0.783715
0.7503471
0
-0.3976232
0.980648
0
-0.7501125
-0.8406975
0
-0.566417
0.8789425
0
0.3364143
-0.04480422
0
-0.8526587
0.5131907
0
-0.03485119
-0.1327921
0
0.1852478
0.9861212
0
-0.9762738
-0.6594181
0
0.3364055
0.7925172
0
-0.5166264
0.1997362
0
-0.9377372
-0.2501775
0
0.1174501
0.3663311
0
-0.0006357431
0.831352
0
-0.9194057
-0.2241226
0
-0.400138
-0.01470888
0
-0.6301529
0.6330264
0
0.8600807
0.2896821
0
-0.6877532
0.7744389
0
-0.9733181
-0.909802
0
-0.9979036
0.6332309
0
-0.6169646
-0.7453861
0
0.3718812
-0.108802
0
-0.8629208
0.3483891
0
0.4275939
0.7659221
0
-0.9788399
-0.1961039
0
-0.3690933
-0.334076
0
0.5114987
0.6679916
0
0.2422353
-0.749923
0
0.2501342
0.1622638
0
-0.6176872
-0.1477298
0
-0.8374875
0.8519509
0
-0.9156189
0.426912
0
-0.7126963
-0.7334235
0
0.5815306
-0.6811757
0
-0.1961187
0.08606064
0
-0.154447
-0.6511197
0
-0.519989
0.1764189
0
-0.9074829
0.1494688
0
-0.6279156
0.5972176
0
0.3225774
-0.5305438
0
-0.9318464
0.3403024
0
-0.2799457
0.2027491
0
-0.7825692
0.9618893
0
0.04221976
0.362612
0
-0.6963577
0.3247463
0
-0.4914087
-0.2629424
0
-0.7220564
-0.8418984
0
-0.8543878
0.8377647
0
0.1246175
0.368617
0
0.2351068
0.7973244
0
-0.5158887
0.8426604
0
0.8966746
-0.5056396
0
-0.5952587
0.4382784
0
-0.298972
-0.6858466
0
0.1158048
0.9798939
0
0.907321
-0.6585331
0
0.3627007
0.2862374
0
-0.8882968
-0.4310385
0
-0.8637998
0.05223787
0
-0.3553957
0.09715021
0
-0.7005441
-0.6755004
0
0.4808321
0.4068558
0
-0.8441567
-0.09936035
0
-0.0540458
0.3600983
0
0.5666771
0.4223499
0
-0.9022672
0.4722352
0
-0.1879715
-0.2306246
0
0.6265998
0.634948
0
-0.5544932
-0.1925575
0
-0.2555963
-0.8651714
0
0.3370282
0.7209477
0
-0.02714074
0.6784246
0
0.7108052
-0.3688186
0
-0.0547744
-0.4446059
0
0.53913
-0.8883126
0
0.5587912
0.02954638
0
-0.8536327
-0.6195776
0
-0.9284489
0.03979027
0
0.8902833
0.7584081
0
0.6297779
0.3178885
0
-0.9688468
-0.344447
0
-0.2406923
0.8706644
0
-0.8614609
-0.3311878
0
-0.9519906
0.603148
0
-0.5411894
0.3396835
0
-0.8774548
0.5744836
0
-0.6761816
-0.3236719
0
-0.1041657
-0.3145565
0
-0.3138977
-0.5839663
0
0.2434777
-0.8985486
0
-0.1718909
0.6343846
0
-0.3631433
-0.6273701
0
-0.5822258
-0.7146993
0
-0.9139793
0.2298769
0
-0.9694803
-0.4129874
0
0.02063906
0.9342427
0
-0.1931955
0.5583529
0
0.1887785
0.4942228
0
-0.5743983
0.8244884
0
-0.9721832
0.9528773
0
0.221737
0.6273661
0
-0.06744182
0.4504237
0
-0.8717616
0.7601743
0
0.01617324
0.6188521
0
-0.6713974
-0.1159734
0
0.4327991
-0.7048955
0
-0.901849
0.221079
0
0.5523665
-0.2116193
0
-0.6736135
-0.8337824
0
-0.5131733
0.2882795
0
-0.0250212
-0.1939265
0
0.7951248
0.6346557
0
-0.7997854
0.04573119
0
-0.6121161
0.8901601
0
-0.1499082
0.4922981
0
-0.9139075
-0.1349493
0
-0.4518148
0.9482622
0
0.1613487
0.4453332
0
0.8199675
-0.4401966
0
-0.3807143
-0.7405155
0
-0.9995074
-0.311556
0
-0.835108
0.2382215
0
-0.401106
0.1724786
0
-0.3203965
0.7859867
0
0.6285987
0.6423414
0
0.8637769
0.6160645
0
-0.9521477
-0.612174
0
-0.6738765
0.9701548
0
-0.4503318
0.9094172
0
-0.5929604
0.2200223
0
-0.07808554
0.839155
0
0.3633444
0.9985116
0
0.9243524
0.9506321
0
0.2234246
0.745302
0
-0.1506795
0.6756582
0
0.5165665
0.8065116
0
-0.0987457
0.6515543
0
-0.2881907
0.616117
0
0.0107671
0.8434272
0
0.3844008
0.9639699
0
-0.02796447
-0.4825529
0
-0.9545746
0.2619846
0
0.5237029
0.389065
0
-0.6580703
0.9525716
0
-0.5860162
0.5131907
0
-0.03485119
0.6588144
0
-0.9154387
0.9861212
0
-0.9762738
0.8241205
0
0.803756
0.7925172
0
-0.5166264
0.1997362
0
-0.9377372
0.4206273
0
0.7429841
-0.1694897
0
0.616384
0.6194103
0
-0.9511144
-0.3033038
0
0.7314944
-0.7432885
0
-0.1431102
0.8802609
0
-0.9359591
0.34605
0
0.1308869
0.7744389
0
-0.9733181
-0.5144935
0
-0.8145041
0.8445675
0
-0.9603744
-0.2310086
0
-0.0555743
-0.108802
0
-0.8629208
-0.2134837
0
-0.7342272
0.7659221
0
-0.9788399
-0.1961039
0
-0.3690933
-0.1420578
0
-0.5330236
0.8177247
0
-0.9627738
0.7101541
0
-0.770206
0.7217777
0
0.1250001
-0.1477298
0
-0.8374875
-0.3569065
0
-0.3419551
0.9191701
0
-0.7677946
-0.4621958
0
0.7204275
-0.7972631
0
-0.9927561
0.4256415
0
0.3188903
-0.6511197
0
-0.519989
-0.9589274
0
-0.2039834
0.1494688
0
-0.6279156
-0.2590553
0
-0.3361779
-0.5305438
0
-0.9318464
0.2274948
0
-0.01645601
0.7997093
0
0.5060751
0.9958487
0
-0.2719704
-0.1635302
0
-0.8679097
0.3247463
0
-0.4914087
-0.2629424
0
-0.7220564
-0.8418984
0
-0.8543878
0.5502987
0
-0.5148005
0.4346609
0
0.9635496
0.7973244
0
-0.5158887
0.3875992
0
-0.1509877
-0.9219811
0
-0.9241629
0.4382784
0
-0.298972
-0.2244035
0
-0.9295707
-0.673049
0
-0.9622405
0.1660568
0
0.7061446
0.2862374
0
-0.8882968
-0.4310385
0
-0.8637998
0.05223787
0
-0.3553957
0.09715021
0
-0.7005441
0.009312034
0
-0.9038348
0.4068558
0
-0.8441567
0.894922
0
0.7493789
-0.8145001
0
-0.04179323
-0.744175
0
-0.6870713
0.2809677
0
-0.3617355
-0.599448
0
0.06447279
0.634948
0
-0.5544932
-0.1925575
0
-0.2555963
0.2872863
0
-0.9023194
-0.1863559
0
-0.4227794
-0.4083959
0
0.3761334
0.8149772
0
0.1990937
-0.1646796
0
-0.7398727
-0.5318289
0
0.2310513
0.6193759
0
0.6038172
-0.6195776
0
-0.9284489
-0.913547
0
-0.08037937
0.7584081
0
0.6297779
0.3178885
0
-0.9688468
-0.5233724
0
0.2558527
0.8985286
0
-0.56603
0.6189299
0
-0.4603363
-0.377848
0
-0.4212557
0.9729075
0
-0.8904574
-0.1919831
0
0.904814
0.8726711
0
-0.225391
-0.370036
0
0.653672
0.6779432
0
-0.88849
-0.145028
0
0.6759036
-0.5552821
0
0.4154408
-0.6273701
0
-0.5822258
-0.7146993
0
-0.9139793
0.3341236
0
-0.3287774
0.501529
0
-0.9422984
0.4539342
0
-0.7489018
0.8929436
0
0.04604638
0.3214051
0
-0.6379118
-0.3883756
0
-0.1527821
0.9528773
0
0.221737
-0.05262578
0
-0.5893896
0.3874333
0
-0.9015589
0.574641
0
0.1866609
-0.8083203
0
-0.2492582
-0.5642741
0
0.3286297
-0.7048955
0
-0.901849
-0.1906749
0
-0.8384867
-0.2116193
0
-0.6736135
0.8905158
0
-0.698138
-0.374627
0
0.9518175
-0.4880177
0
-0.7507205
-0.7318084
0
-0.6548364
0.1129383
0
-0.3436025
-0.9542916
0
0.5973594
-0.108514
0
0.06057489
0.9744184
0
-0.9419446
-0.06078255
0
0.8193626
-0.6327717
0
-0.7946811
0.1905454
0
-0.7964652
-0.7405155
0
-0.9995074
0.5501659
0
0.1291364
0.2382215
0
-0.401106
0.4054715
0
0.2919001
0.7620399
0
-0.8302433
0.6423414
0
0.8637769
0.6160645
0
-0.9521477
0.9438646
0
-0.3212003
0.9701548
0
-0.4503318
0.9094172
0
-0.5929604
-0.5937555
0
0.6379294
0.839155
0
0.3633444
0.9985116
0
0.9243524
0.9506321
0
0.2234246
-0.1763622
0
0.3061018
0.6756582
0
0.5165665
-0.1565489
0
0.4777682
0.4609728
0
0.518183
0.2128073
0
-0.257408
0.8434272
0
0.3844008
0.2989466
0
-0.07561958
0.8282261
0
-0.942364
0.2619846
0
0.5237029
0.4999549
0
-0.6126828
-0.04480422
0
-0.8526587
0.5131907
0
-0.03485119
0.6588144
0
-0.9154387
0.9861212
0
-0.9762738
-0.9522812
0
-0.4817106
0.7925172
0
-0.5166264
0.1997362
0
-0.9377372
0.4206273
0
0.7429841
-0.6732795
0
-0.007578015
0.618253
0
-0.8433273
-0.3033038
0
0.7314944
-0.01470888
0
-0.6301529
-0.02021992
0
-0.2849416
-0.2571453
0
-0.863004
-0.8723562
0
-0.8690457
0.9273093
0
0.7134025
0.8445675
0
-0.9603744
-0.7450221
0
0.9498944
-0.108802
0
-0.8629208
-0.2134837
0
-0.7342272
0.7659221
0
-0.9788399
-0.2379266
0
-0.4656516
-0.2527176
0
-0.5300131
0.8177247
0
-0.9627738
-0.3624817
0
0.8987854
0.7217777
0
0.1250001
-0.3822309
0
0.2554416
-0.3569065
0
-0.3419551
0.9191701
0
-0.7677946
-0.7334235
0
0.5815306
3.85046E-05
0
0.7269573
0.4256415
0
0.3188903
-0.6511197
0
-0.519989
0.05484378
0
0.5003121
-0.612
0
0.1001891
0.5972176
0
0.3225774
-0.5305438
0
-0.9318464
0.2274948
0
-0.01645601
0.2027491
0
-0.7825692
-0.6663582
0
-0.7393045
-0.1635302
0
-0.8679097
0.3247463
0
-0.4914087
-0.2629424
0
-0.7220564
-0.7807672
0
-0.724432
0.1310059
0
-0.3150104
0.2455534
0
-0.6841934
0.7973244
0
-0.5158887
0.3875992
0
-0.1509877
-0.9219811
0
-0.9241629
0.4382784
0
-0.298972
-0.2244035
0
-0.9295707
-0.2376531
0
-0.9164197
0.1660568
0
0.7061446
0.4761324
0
0.1203035
-0.4310385
0
-0.8637998
0.05223787
0
-0.3553957
0.09715021
0
-0.7005441
-0.6755004
0
0.4808321
0.08886397
0
0.1057986
0.3805244
0
-0.3504831
-0.8145001
0
-0.04179323
0.4223499
0
-0.9022672
0.2809677
0
-0.3617355
-0.599448
0
0.06447279
0.634948
0
-0.5544932
-0.1925575
0
-0.2555963
-0.8651714
0
0.3370282
-0.1863559
0
-0.4227794
-0.421358
0
0.5719833
0.8149772
0
0.1990937
-0.1646796
0
-0.7398727
-0.5318289
0
0.2310513
0.6193759
0
0.6038172
-0.6195776
0
-0.9284489
-0.913547
0
-0.08037937
0.7584081
0
0.6297779
0.3178885
0
-0.9688468
-0.7236316
0
-0.4605619
0.8706644
0
-0.8614609
0.6189299
0
-0.4603363
-0.377848
0
-0.4212557
0.9729075
0
-0.8904574
-0.1919831
0
0.904814
-0.1296421
0
-0.234253
-0.6568255
0
-0.2292143
0.6779432
0
-0.88849
0.2933173
0
-0.7431893
0.9577756
0
0.8669796
-0.6273701
0
-0.5822258
-0.7146993
0
-0.9139793
0.3341236
0
-0.3287774
0.501529
0
-0.9422984
-0.9595196
0
0.7817678
0.5583529
0
0.1887785
-0.1976618
0
-0.3298427
-0.3883756
0
-0.1527821
0.07880032
0
0.8831444
-0.05262578
0
-0.5893896
0.4504237
0
-0.8717616
0.574641
0
0.1866609
0.6188521
0
-0.6713974
-0.5642741
0
0.3286297
-0.7048955
0
-0.901849
-0.1906749
0
-0.8384867
0.09041178
0
0.2369536
0.8905158
0
-0.698138
0.09705174
0
0.7137485
-0.4880177
0
-0.7507205
-0.7318084
0
-0.6548364
0.1129383
0
-0.3436025
0.8901601
0
-0.1499082
-0.108514
0
0.06057489
0.7910891
0
-0.2569228
-0.06078255
0
0.8193626
-0.6327717
0
-0.7946811
0.9236729
0
0.9319727
-0.7405155
0
-0.9995074
0.5501659
0
0.1291364
0.2382215
0
-0.401106
0.7812319
0
0.580404
-0.8107636
0
0.7648571
0.6423414
0
0.8637769
0.9712968
0
0.06033123
0.9438646
0
-0.3212003
0.9191282
0
-0.1968066
0.6231306
0
0.4180174
0.9539135
0
0.0399605
-0.5371325
0
0.5387428
0.5832691
0
0.9026654
0.4854705
0
-0.5018463
0.4191658
0
-0.5013187
0.6756582
0
0.5165665
0.6516778
0
-0.9290764
0.9919283
0
0.05274189
0.2152184
0
-0.3025585
-0.7816904
0
0.7449841
0.7503471
0
-0.3976232
0.8282261
0
-0.942364
0.5487885
0
-0.8554025
0.8789425
0
0.3364143
-0.04480422
0
-0.8526587
0.5131907
0
-0.03485119
-0.1327921
0
0.1852478
0.9861212
0
-0.9762738
0.5953748
0
0.8039949
0.8802876
0
-0.09552133
0.4840622
0
0.6982753
-0.7184606
0
0.9138567
-0.1740605
0
-0.881916
0.618253
0
-0.8433273
-0.2241226
0
-0.400138
-0.01470888
0
-0.6301529
0.02390873
0
0.5027459
-0.1320571
0
0.8442948
0.7744389
0
-0.9733181
0.9618778
0
-0.6672561
0.8445675
0
-0.9603744
0.2140538
0
-0.4154733
-0.08529508
0
-0.7161016
0.1218783
0
-0.586035
0.1934172
0
-0.8039558
-0.0501641
0
0.1667448
0.02364194
0
-0.1913697
0.8177247
0
-0.9627738
0.1748124
0
-0.1676408
0.09424865
0
0.521029
-0.1477298
0
-0.8374875
0.8519509
0
-0.9156189
0.9191701
0
-0.7677946
0.2374653
0
-0.6816137
-0.7972631
0
-0.9927561
0.9220872
0
-0.1683117
-0.6511197
0
-0.519989
0.6615973
0
-0.9697504
0.1494688
0
-0.6279156
0.5972176
0
0.3225774
-0.5305438
0
-0.9318464
0.9348867
0
0.1435825
0.2027491
0
-0.7825692
-0.6663582
0
-0.7393045
0.5427151
0
0.9479084
0.3247463
0
-0.4914087
-0.2072295
0
-0.8197839
-0.1232668
0
0.5955191
0.8377647
0
0.1246175
-0.8599577
0
-0.8599074
0.7973244
0
-0.5158887
0.261054
0
0.3821552
-0.5056396
0
-0.5952587
0.4382784
0
-0.298972
-0.2244035
0
-0.9295707
-0.2376531
0
-0.9164197
0.1660568
0
0.7061446
-0.6910496
0
0.9215555
-0.4310385
0
-0.8637998
-0.5706992
0
-0.7023201
0.09715021
0
-0.7005441
-0.6755004
0
0.4808321
0.08886397
0
0.1057986
0.3805244
0
-0.3504831
0.3600983
0
0.5666771
0.5477717
0
-0.8657565
-0.6493673
0
-0.6677303
-0.9946525
0
0.4618511
-0.08533657
0
0.8599494
-0.3621119
0
0.2845747
0.2189637
0
-0.9557371
-0.5617914
0
0.3701346
-0.6053708
0
-0.3778218
0.8149772
0
0.1990937
-0.1646796
0
-0.7398727
0.7487342
0
0.5018492
-0.3372997
0
-0.03793061
-0.6195776
0
-0.9284489
0.5972221
0
-0.6338611
0.7584081
0
0.6297779
0.2202157
0
0.1896464
-0.344447
0
-0.2406923
0.8706644
0
-0.8614609
-0.3311878
0
-0.9519906
-0.7522774
0
-0.3967508
0.3396835
0
-0.8774548
0.2728407
0
-0.4660081
0.9157295
0
-0.2656068
-0.1378962
0
0.189973
-0.5839663
0
0.2434777
-0.8985486
0
-0.1718909
0.6343846
0
-0.3631433
-0.9283414
0
-0.8945725
-0.1336757
0
0.5701015
-0.02945626
0
-0.5730538
-0.4845532
0
0.5506444
0.9342427
0
-0.1931955
0.8929436
0
0.04604638
0.1035918
0
-0.8986325
0.8244884
0
-0.9721832
0.9528773
0
0.221737
0.6273661
0
-0.06744182
0.7734702
0
0.5826693
0.3093946
0
-0.6693904
-0.2417248
0
-0.5387957
0.2600019
0
-0.1875736
-0.2866951
0
0.4292576
-0.1906749
0
-0.8384867
-0.2116193
0
-0.6736135
0.2668171
0
0.03627479
0.2619476
0
0.8540046
0.5620306
0
-0.825778
0.6346557
0
-0.7997854
0.1129383
0
-0.3436025
-0.3015345
0
0.2932043
-0.7195389
0
-0.1603836
-0.112954
0
-0.634264
0.9482622
0
0.1613487
-0.4678229
0
-0.227194
-0.3039027
0
0.62745
-0.7405155
0
-0.9995074
-0.8881102
0
0.5232053
0.2382215
0
-0.401106
0.1724786
0
-0.3203965
0.7859867
0
0.6285987
0.5978291
0
0.3929984
0.6421731
0
0.1485013
-0.03601134
0
-0.1518544
-0.7044244
0
-0.5878959
0.6231306
0
0.4180174
0.9539135
0
0.0399605
0.839155
0
0.3633444
0.9985116
0
0.9243524
0.9506321
0
0.2234246
-0.9264288
0
0.366651
-0.6048474
0
0.3353138
0.7349334
0
-0.6672285
0.6515543
0
-0.2881907
0.2152184
0
-0.3025585
0.5857921
0
-0.783715
0.9639699
0
-0.02796447
0.2570228
0
-0.4576584
0.8863101
0
-0.3458632
0.7726517
0
-0.08765495
0.944402
0
-0.005807519
0.5131907
0
-0.03485119
0.7542217
0
0.634192
0.8431847
0
-0.5421405
-0.9522812
0
-0.4817106
0.7925172
0
-0.5166264
0.7263198
0
-0.8416812
-0.1003541
0
-0.8927436
-0.6732795
0
-0.007578015
0.831352
0
-0.9194057
-0.3033038
0
0.7314944
0.2540397
0
-0.4946965
0.6330264
0
0.8600807
-0.2571453
0
-0.863004
0.7744389
0
-0.9733181
-0.909802
0
-0.9979036
0.8445675
0
-0.9603744
-0.7453861
0
0.3718812
-0.108802
0
-0.8629208
0.3483891
0
0.4275939
0.7659221
0
-0.9788399
-0.2379266
0
-0.4656516
0.4500506
0
0.1140624
0.6679916
0
0.2422353
-0.4999017
0
0.9690895
0.5861149
0
-0.6310835
-0.1477298
0
-0.8374875
0.8519509
0
-0.9156189
0.2337111
0
0.003149867
-0.7334235
0
0.5815306
-0.7972631
0
-0.9927561
-0.5876858
0
-0.1825904
-0.6511197
0
-0.519989
-0.2124103
0
0.9763455
0.6891189
0
0.6912522
-0.2590553
0
-0.3361779
-0.5305438
0
-0.9318464
0.1658581
0
0.4191978
0.2027491
0
-0.7825692
0.3807306
0
0.2964029
-0.1635302
0
-0.8679097
0.3247463
0
-0.4914087
-0.2629424
0
-0.7220564
-0.3646969
0
-0.146675
0.8377647
0
0.1246175
-0.8599577
0
-0.8599074
0.7973244
0
-0.5158887
0.3875992
0
-0.1509877
-0.9219811
0
-0.9241629
0.4382784
0
-0.298972
-0.2244035
0
-0.9295707
0.6156356
0
0.6819386
0.1660568
0
0.7061446
0.4761324
0
0.1203035
0.1308967
0
0.6559994
0.5810621
0
-0.2732242
0.09715021
0
-0.7005441
-0.6755004
0
0.4808321
0.08886397
0
0.1057986
-0.09936035
0
-0.0540458
-0.8145001
0
-0.04179323
0.4223499
0
-0.9022672
0.03435028
0
0.4495208
-0.2306246
0
0.6265998
0.1170665
0
0.2452949
-0.1925575
0
-0.2555963
-0.8651714
0
0.3370282
0.7209477
0
-0.02714074
-0.421358
0
0.5719833
0.8149772
0
0.1990937
-0.1646796
0
-0.7398727
-0.2779189
0
0.961411
-0.9570065
0
-0.9289556
0.5537312
0
-0.09338772
-0.913547
0
-0.08037937
0.0429064
0
-0.8508675
0.959583
0
-0.06329787
-0.344447
0
-0.2406923
0.243842
0
-0.3563222
-0.3311878
0
-0.9519906
0.28002
0
0.4268799
0.7257257
0
-0.9723663
0.5744836
0
-0.6761816
0.9157295
0
-0.2656068
-0.6929157
0
-0.917568
0.6779432
0
-0.88849
0.2933173
0
-0.7431893
0.6343846
0
-0.3631433
0.8904018
0
-0.2210339
-0.07979023
0
-0.06251729
0.2298769
0
-0.9694803
-0.05814183
0
-0.02520883
0.9342427
0
-0.1931955
0.3282113
0
0.4123513
-0.9663813
0
0.8199778
0.6080139
0
0.06075799
-0.9266944
0
-0.8973761
0.6273661
0
-0.06744182
-0.3248547
0
-0.7786179
0.3093946
0
-0.6693904
0.6188521
0
-0.6713974
-0.5864649
0
-0.74667
-0.2250873
0
0.3655095
-0.1906749
0
-0.8384867
0.1520158
0
0.4780752
-0.5831771
0
-0.8404753
0.5444407
0
0.7302535
-0.5055962
0
0.9790218
0.9834459
0
-0.4550506
0.2673893
0
0.1255332
-0.3340694
0
0.9012105
0.2903304
0
-0.8180981
-0.8223095
0
0.04220593
0.8319027
0
-0.50857
0.8126261
0
-0.5993268
0.1905454
0
-0.7964652
0.7786336
0
-0.2898713
-0.9055586
0
0.3998336
0.2382215
0
-0.401106
0.4692392
0
-0.6901958
0.7859867
0
0.6285987
0.2124242
0
0.8042448
0.6421731
0
0.1485013
0.9438646
0
-0.3212003
0.9701548
0
-0.4503318
0.9094172
0
-0.5929604
0.2200223
0
-0.07808554
-0.8164675
0
-0.02551496
0.9985116
0
0.9243524
0.9506321
0
0.2234246
0.745302
0
-0.1506795
0.6756582
0
0.5165665
0.6516778
0
-0.9290764
0.6515543
0
-0.2881907
0.616117
0
0.0107671
0.5857921
0
-0.783715
0.9639699
0
-0.02796447
-0.4825529
0
-0.9545746
0.8863101
0
-0.3458632
0.8789425
0
0.3364143
0.944402
0
-0.005807519
0.5131907
0
-0.03485119
-0.1327921
0
0.1852478
0.9861212
0
-0.9762738
0.8241205
0
0.803756
0.7925172
0
-0.5166264
0.1997362
0
-0.9377372
-0.8965917
0
0.6224823
-0.1694897
0
0.616384
0.3001976
0
-0.04683077
-0.2241226
0
-0.400138
0.4464278
0
0.9306784
0.5459847
0
-0.8168101
0.34605
0
0.1308869
-0.9995828
0
-0.6144347
-0.909802
0
-0.9979036
0.4238112
0
-0.7309072
-0.7453861
0
0.3718812
-0.2400686
0
0.4679212
-0.8152981
0
-0.6314206
0.7659221
0
-0.9788399
-0.1961039
0
-0.3690933
0.862607
0
0.6859589
0.8177247
0
-0.9627738
0.7101541
0
-0.770206
0.7217777
0
0.1250001
-0.1477298
0
-0.8374875
0.8519509
0
-0.9156189
0.9191701
0
-0.7677946
-0.4621958
0
0.7204275
-0.03489244
0
-0.8987069
0.4256415
0
0.3188903
-0.7384946
0
-0.3184599
-0.2301277
0
0.07539117
0.1494688
0
-0.6279156
-0.2590553
0
-0.3361779
-0.5305438
0
-0.9318464
0.8625977
0
-0.3750864
0.2027491
0
-0.7825692
0.9618893
0
0.04221976
-0.1635302
0
-0.8679097
-0.2753466
0
-0.3782688
-0.2629424
0
-0.7220564
-0.8418984
0
-0.8543878
0.7864592
0
0.2725839
-0.4912437
0
0.6397166
0.7973244
0
-0.5158887
-0.5072217
0
0.4080503
-0.5991592
0
-0.4689561
0.4382784
0
-0.298972
-0.2244035
0
-0.9295707
-0.673049
0
-0.9622405
-0.2509738
0
0.02909505
-0.6607912
0
-0.4216446
-0.8559554
0
-0.2600611
0.05223787
0
-0.3553957
0.09715021
0
-0.7005441
0.009312034
0
-0.9038348
0.08886397
0
0.1057986
0.2772612
0
0.5177271
-0.8145001
0
-0.04179323
-0.744175
0
-0.6870713
0.4694895
0
-0.907517
-0.4180104
0
-0.6159914
0.634948
0
-0.5544932
-0.1925575
0
-0.2555963
0.2872863
0
-0.9023194
0.7209477
0
-0.02714074
-0.5194628
0
-0.4853975
0.8149772
0
0.1990937
-0.1646796
0
-0.7398727
-0.8883126
0
0.5587912
0.02991188
0
-0.3388175
-0.6195776
0
-0.9284489
-0.913547
0
-0.08037937
0.7584081
0
0.6297779
0.3178885
0
-0.9688468
-0.7236316
0
-0.4605619
0.8706644
0
-0.8614609
0.6189299
0
-0.4603363
-0.377848
0
-0.4212557
0.9729075
0
-0.8904574
-0.1919831
0
0.904814
-0.636699
0
0.5089345
-0.370036
0
0.653672
0.6779432
0
-0.88849
-0.145028
0
0.6759036
0.6343846
0
-0.3631433
-0.6273701
0
-0.5822258
-0.7146993
0
-0.9139793
0.3341236
0
-0.3287774
0.501529
0
-0.9422984
0.4539342
0
-0.7489018
0.8929436
0
0.04604638
0.3214051
0
-0.6379118
-0.3883756
0
-0.1527821
0.9528773
0
0.221737
-0.05262578
0
-0.5893896
0.4504237
0
-0.8717616
0.574641
0
0.1866609
-0.8083203
0
-0.2492582
-0.5642741
0
0.3286297
-0.7048955
0
-0.901849
-0.1906749
0
-0.8384867
-0.2116193
0
-0.6736135
-0.6163437
0
-0.3949248
-0.374627
0
0.9518175
-0.4880177
0
-0.7507205
-0.7318084
0
-0.6548364
0.1129383
0
-0.3436025
-0.9542916
0
0.5973594
-0.108514
0
0.06057489
0.9744184
0
-0.9419446
0.9913518
0
-0.2987777
-0.6327717
0
-0.7946811
0.1905454
0
-0.7964652
0.7364197
0
0.4304774
0.8866096
0
-0.5887334
0.2382215
0
-0.401106
0.4054715
0
0.2919001
0.7859867
0
0.6285987
-0.0355643
0
0.6133597
0.6421731
0
0.1485013
0.9438646
0
-0.3212003
-0.7684016
0
-0.5760949
0.6231306
0
0.4180174
0.9539135
0
0.0399605
0.839155
0
0.3633444
0.452152
0
0.009843469
0.9506321
0
0.2234246
0.745302
0
-0.1506795
-0.2929913
0
0.7428796
0.8065116
0
-0.0987457
0.6515543
0
-0.2881907
-0.4891397
0
0.5528121
0.8434272
0
0.3844008
0.7503471
0
-0.3976232
0.2570228
0
-0.4576584
0.8863101
0
-0.3458632
0.7726517
0
-0.08765495
-0.04480422
0
-0.8526587
0.5131907
0
-0.03485119
0.6588144
0
-0.9154387
0.9861212
0
-0.9762738
0.5953748
0
0.8039949
0.7925172
0
-0.5166264
0.1997362
0
-0.9377372
0.5971465
0
-0.1328646
-0.7655737
0
-0.4859422
0.831352
0
-0.9194057
-0.2241226
0
-0.400138
-0.01470888
0
-0.6301529
0.5459847
0
-0.8168101
-0.3008367
0
-0.4117588
0.7744389
0
-0.9733181
-0.5144935
0
-0.8145041
0.8445675
0
-0.9603744
0.8597414
0
0.4188542
-0.108802
0
-0.8629208
-0.7209582
0
0.8397126
0.5154436
0
0.5539927
-0.0501641
0
0.1667448
-0.1420578
0
-0.5330236
0.3163583
0
-0.4974571
0.8533051
0
-0.6794569
0.1622638
0
-0.6176872
-0.3822309
0
0.2554416
-0.3569065
0
-0.3419551
-0.3266562
0
0.2312142
-0.7334235
0
0.5815306
-0.7972631
0
-0.9927561
0.4256415
0
0.3188903
0.8521593
0
0.4248581
-0.9589274
0
-0.2039834
0.1494688
0
-0.6279156
-0.2590553
0
-0.3361779
-0.5305438
0
-0.9318464
0.2274948
0
-0.01645601
0.2027491
0
-0.7825692
-0.5370712
0
-0.8011334
-0.1635302
0
-0.8679097
0.3247463
0
-0.4914087
-0.2629424
0
-0.7220564
-0.8418984
0
-0.8543878
0.1310059
0
-0.3150104
0.4346609
0
0.9635496
0.7973244
0
-0.5158887
0.5764365
0
0.9929166
0.2301339
0
-0.3476983
0.4382784
0
-0.298972
-0.2244035
0
-0.9295707
-0.673049
0
-0.9622405
0.6644349
0
-0.7968166
0.2862374
0
-0.8882968
-0.4310385
0
-0.8637998
0.2611856
0
-0.8778713
0.09715021
0
-0.7005441
-0.6755004
0
0.4808321
0.08886397
0
0.1057986
-0.731113
0
0.1433736
-0.8145001
0
-0.04179323
-0.9510491
0
-0.378162
0.4554431
0
0.2462269
-0.8899481
0
0.2785749
0.634948
0
-0.5544932
-0.1925575
0
-0.2555963
-0.8651714
0
0.3370282
-0.3629352
0
-0.6403632
0.9953291
0
-0.5192301
0.8149772
0
0.1990937
-0.1646796
0
-0.7398727
-0.2779189
0
0.961411
-0.9420507
0
-0.7163298
-0.6195776
0
-0.9284489
0.3621602
0
-0.07771051
0.7584081
0
0.6297779
0.3178885
0
-0.9688468
-0.344447
0
-0.2406923
0.354299
0
0.104942
0.6189299
0
-0.4603363
0.6963248
0
-0.3558856
0.3396835
0
-0.8774548
0.2728407
0
-0.4660081
-0.3236719
0
-0.1041657
-0.370036
0
0.653672
0.6779432
0
-0.88849
-0.8985486
0
-0.1718909
0.9577756
0
0.8669796
-0.5876231
0
-0.4495231
-0.7146993
0
-0.9139793
0.1987783
0
0.8253059
0.501529
0
-0.9422984
0.9204478
0
-0.7789958
0.6751339
0
-0.1263469
-0.07527983
0
0.0365597
0.8244884
0
-0.9721832
0.9528773
0
0.221737
0.8016984
0
-0.3873218
0.4504237
0
-0.8717616
0.3128226
0
0.9014769
-0.8083203
0
-0.2492582
-0.45373
0
-0.2685882
0.9798999
0
0.525774
-0.1906749
0
-0.8384867
-0.2116193
0
-0.6736135
-0.1589545
0
-0.5919461
-0.4849783
0
0.8348527
-0.2456697
0
-0.6179883
-0.9167922
0
-0.5062797
0.1129383
0
-0.3436025
-0.3795396
0
-0.8183978
-0.108514
0
0.06057489
0.424767
0
-0.8559031
0.9482622
0
0.1613487
0.8126261
0
-0.5993268
-0.7037752
0
0.0497669
-0.1465052
0
0.4890022
0.8866096
0
-0.5887334
0.2382215
0
-0.401106
0.6910677
0
-0.523562
0.7859867
0
0.6285987
0.6423414
0
0.8637769
0.6421731
0
0.1485013
0.4069693
0
-0.0250901
-0.7919166
0
-0.6364689
0.6231306
0
0.4180174
0.9539135
0
0.0399605
0.839155
0
0.3633444
0.9985116
0
0.9243524
0.9506321
0
0.2234246
0.745302
0
-0.1506795
0.9234297
0
0.2294635
0.6516778
0
-0.9290764
0.9919283
0
0.05274189
0.616117
0
0.0107671
-0.803184
0
0.7046227
0.9639699
0
-0.02796447
0.980648
0
-0.7501125
0.2619846
0
0.5237029
0.4625005
0
0.6523428
-0.04480422
0
-0.8526587
0.5944107
0
-0.4398845
-0.1327921
0
0.1852478
0.9861212
0
-0.9762738
0.5953748
0
0.8039949
0.7925172
0
-0.5166264
-0.77317
0
-0.3130342
-0.7184606
0
0.9138567
-0.1740605
0
-0.881916
0.831352
0
-0.9194057
-0.2241226
0
-0.400138
0.002845168
0
0.09293473
0.5459847
0
-0.8168101
-0.2571453
0
-0.863004
-0.5479498
0
-0.1546458
0.3245263
0
-0.8905878
0.3272574
0
-0.7104857
0.2140538
0
-0.4154733
-0.4773432
0
-0.2597476
0.1218783
0
-0.586035
0.1934172
0
-0.8039558
-0.2379266
0
-0.4656516
-0.1420578
0
-0.5330236
0.8177247
0
-0.9627738
0.1748124
0
-0.1676408
0.7217777
0
0.1250001
-0.1477298
0
-0.8374875
0.5148602
0
0.09812057
0.9191701
0
-0.7677946
0.3246889
0
-0.1382908
-0.7972631
0
-0.9927561
-0.389876
0
0.9722221
-0.6511197
0
-0.519989
0.6615973
0
-0.9697504
-0.06758606
0
0.8134758
-0.2590553
0
-0.3361779
-0.5305438
0
-0.9318464
0.7442393
0
-0.4998394
0.2027491
0
-0.7825692
-0.6663582
0
-0.7393045
0.5427151
0
0.9479084
0.9134674
0
0.2636521
-0.2629424
0
-0.7220564
-0.6889071
0
-0.8994751
0.8377647
0
0.1246175
0.2455534
0
-0.6841934
0.7973244
0
-0.5158887
-0.8297846
0
-0.2513553
-0.5056396
0
-0.5952587
0.4382784
0
-0.298972
-0.2244035
0
-0.9295707
0.489923
0
-0.3062042
-0.2509738
0
0.02909505
0.4761324
0
0.1203035
-0.4310385
0
-0.8637998
0.5810621
0
-0.2732242
0.5283868
0
-0.6476834
-0.6755004
0
0.4808321
0.08886397
0
0.1057986
-0.09936035
0
-0.0540458
0.3600983
0
0.5666771
-0.4937736
0
0.8196874
0.4694895
0
-0.907517
-0.5430002
0
-0.5548666
0.634948
0
-0.5544932
0.355114
0
-0.1996874
0.2189637
0
-0.9557371
-0.5617914
0
0.3701346
-0.8929818
0
0.7143729
0.8149772
0
0.1990937
-0.1646796
0
-0.7398727
-0.5318289
0
0.2310513
-0.6301007
0
0.1583565
-0.6195776
0
-0.9284489
-0.3453974
0
0.5919404
-0.3761011
0
-0.3760682
-0.555851
0
-0.2807428
-0.5233724
0
0.2558527
0.8706644
0
-0.8614609
0.6705379
0
-0.8846605
-0.7522774
0
-0.3967508
0.3396835
0
-0.8774548
0.2905864
0
0.231043
0.9157295
0
-0.2656068
-0.370036
0
0.653672
-0.3166343
0
0.2227429
0.6532216
0
-0.7642105
0.6343846
0
-0.3631433
0.3131435
0
-0.1428653
-0.7146993
0
-0.9139793
0.1994141
0
-0.8640466
0.501529
0
-0.9422984
0.4539342
0
-0.7489018
0.5583529
0
0.1887785
0.1035918
0
-0.8986325
0.8244884
0
-0.9721832
-0.03949082
0
-0.9832489
-0.05262578
0
-0.5893896
0.7734702
0
0.5826693
-0.8542447
0
-0.6970167
-0.2055115
0
0.9112735
-0.9035125
0
-0.1298586
0.314249
0
0.7267256
-0.1906749
0
-0.8384867
-0.937881
0
0.8918793
0.7322106
0
-0.2176493
0.5444407
0
0.7302535
-0.4880177
0
-0.7507205
0.6346557
0
-0.7997854
0.1129383
0
-0.3436025
-0.3015345
0
0.2932043
-0.7195389
0
-0.1603836
-0.1349493
0
-0.4518148
0.9482622
0
0.1613487
-0.4678229
0
-0.227194
-0.3039027
0
0.62745
0.821429
0
-0.9223058
0.5199761
0
0.01356089
0.2382215
0
-0.401106
0.1724786
0
-0.3203965
0.7859867
0
0.6285987
-0.0355643
0
0.6133597
0.9712968
0
0.06033123
0.9438646
0
-0.3212003
0.05851424
0
0.01385152
0.6231306
0
0.4180174
0.9539135
0
0.0399605
0.9966156
0
-0.7788744
0.9985116
0
0.9243524
0.9506321
0
0.2234246
0.745302
0
-0.1506795
0.6756582
0
0.5165665
-0.1565489
0
0.4777682
0.9919283
0
0.05274189
0.2152184
0
-0.3025585
0.5857921
0
-0.783715
0.2989466
0
-0.07561958
0.8282261
0
-0.942364
0.2619846
0
0.5237029
0.7726517
0
-0.08765495
-0.04480422
0
-0.8526587
0.2939536
0
0.7470007
0.6588144
0
-0.9154387
0.6762722
0
0.3075893
-0.9522812
0
-0.4817106
0.7925172
0
-0.5166264
-0.77317
0
-0.3130342
0.8419886
0
-0.327628
-0.6732795
0
-0.007578015
0.618253
0
-0.8433273
0.944685
0
-0.2747971
-0.01470888
0
-0.6301529
-0.02021992
0
-0.2849416
-0.2571453
0
-0.863004
-0.3512069
0
-0.3644198
-0.909802
0
-0.9979036
0.8445675
0
-0.9603744
-0.7450221
0
0.9498944
-0.08529508
0
-0.7161016
-0.8152981
0
-0.6314206
0.7659221
0
-0.9788399
-0.2379266
0
-0.4656516
-0.2527176
0
-0.5300131
0.8177247
0
-0.9627738
0.8533051
0
-0.6794569
-0.7163434
0
0.6849246
-0.1477298
0
-0.8374875
0.07603729
0
-0.6308973
0.9191701
0
-0.7677946
0.2374653
0
-0.6816137
0.928829
0
0.3852434
0.8881965
0
-0.07475555
-0.6511197
0
-0.519989
-0.2301277
0
0.07539117
0.76403
0
0.73068
0.5987227
0
0.1090008
-0.5305438
0
-0.9318464
0.9348867
0
0.1435825
0.2027491
0
-0.7825692
-0.6663582
0
-0.7393045
0.362612
0
-0.6963577
0.344598
0
0.5713232
-0.2629424
0
-0.7220564
-0.6727304
0
-0.00319612
0.1310059
0
-0.3150104
0.2455534
0
-0.6841934
0.7973244
0
-0.5158887
0.9751344
0
-0.2849425
-0.2792596
0
-0.4188007
0.4382784
0
-0.298972
-0.2244035
0
-0.9295707
-0.2376531
0
-0.9164197
0.1660568
0
0.7061446
0.4761324
0
0.1203035
-0.4310385
0
-0.8637998
0.05223787
0
-0.3553957
0.09715021
0
-0.7005441
-0.6755004
0
0.4808321
0.08886397
0
0.1057986
0.3805244
0
-0.3504831
0.3600983
0
0.5666771
0.4223499
0
-0.9022672
0.2809677
0
-0.3617355
0.3145232
0
0.8567135
0.2512283
0
-0.9668772
-0.1925575
0
-0.2555963
0.2872863
0
-0.9023194
0.7926278
0
-0.2130598
-0.421358
0
0.5719833
0.8149772
0
0.1990937
-0.1646796
0
-0.7398727
-0.8883126
0
0.5587912
-0.3372997
0
-0.03793061
-0.6195776
0
-0.9284489
-0.913547
0
-0.08037937
0.5046055
0
0.08056629
0.3178885
0
-0.9688468
-0.344447
0
-0.2406923
0.700269
0
-0.68679
0.6189299
0
-0.4603363
-0.377848
0
-0.4212557
0.3396835
0
-0.8774548
0.2728407
0
-0.4660081
-0.1296421
0
-0.234253
-0.1378962
0
0.189973
-0.5839663
0
0.2434777
-0.8985486
0
-0.1718909
0.6343846
0
-0.3631433
-0.6273701
0
-0.5822258
-0.7146993
0
-0.9139793
0.1994141
0
-0.8640466
-0.1043016
0
0.1405047
0.9342427
0
-0.1931955
0.5583529
0
0.1887785
-0.1976618
0
-0.3298427
0.8244884
0
-0.9721832
0.1268781
0
-0.1139802
-0.05262578
0
-0.5893896
0.4504237
0
-0.8717616
0.3093946
0
-0.6693904
-0.8083203
0
-0.2492582
-0.1159734
0
0.4327991
0.9798999
0
0.525774
-0.1906749
0
-0.8384867
-0.2116193
0
-0.6736135
0.7152004
0
-0.4991575
-0.784411
0
-0.9172294
-0.4880177
0
-0.7507205
0.6346557
0
-0.7997854
0.1129383
0
-0.3436025
0.8901601
0
-0.1499082
0.4922981
0
-0.9139075
0.8830793
0
-0.776027
0.9482622
0
0.1613487
0.8126261
0
-0.5993268
0.1905454
0
-0.7964652
-0.7405155
0
-0.9995074
0.8866096
0
-0.5887334
0.6333933
0
-0.08145463
0.7812319
0
0.580404